# X | 1 | 2 | 3 | 4 |
# Y | 1 | 8 | 21 | 40 |

A=[+1  +1 +1;
   +4  +2 +1;
   +9  +3 +1;
   +16 +4 +1];
B=[1;8;21;40];
R=A\B
